209
5880 12
61344 77153 43205 87557 65096 92841 41610 18377 46192 91253 73881 6269 
3003 15
31968 44418 53349 73000 91551 36712 71275 4621 15439 8847 31665 18487 9689 67831 29023 
8446 10
28666 63080 65416 39532 90350 58158 5104 26929 35225 53466 
2430 12
49449 45784 14578 79955 46228 33557 54900 6903 79448 69210 1723 20510 
5364 17
95264 31425 93985 41572 41608 3436 75372 50927 83504 38065 55607 9209 99962 68667 36825 30813 68350 
8370 15
40159 53478 92668 74302 24158 82378 93801 91308 53232 37650 67707 55708 14717 39902 62079 
2033 10
11329 62691 98917 72839 25354 14254 43155 20920 43420 13695 
4396 12
3587 19397 17702 74821 60104 7531 83628 4045 96981 8219 98013 46495 
5353 15
26147 8037 32421 36810 73547 76012 346 19278 66095 82546 65555 41524 36178 82134 27386 
696 12
73125 23367 95851 31034 13010 71156 49434 19227 68156 56957 54238 18815 
3644 16
29824 8768 38337 16804 77930 29163 19596 87659 8942 34353 89394 2771 95866 1817 61786 54716 
2526 18
45953 66337 89251 58947 80164 30026 35691 49323 96877 4430 65517 65682 78354 56311 6488 95834 22043 50296 
2516 10
53217 26371 87044 5668 28516 32075 35252 41083 1660 64573 
6607 17
2690 27459 86148 32739 40104 38537 98411 75727 5971 31828 31349 88118 55097 11257 12666 10622 98495 
4590 20
94209 69650 60832 48810 56491 51116 36146 60084 56504 2005 73558 39390 42591 47327 29793 99820 31341 13169 10485 92414 
9983 11
9763 13480 82378 60907 43725 76397 96527 82968 95001 87773 25503 
7058 10
80993 52229 54183 21581 52686 51408 38544 97968 84888 18271 
2921 17
92896 97920 97668 28330 83851 31884 58125 84751 50896 67793 18133 48374 86262 98136 69974 11741 28729 
3845 11
62432 55489 2145 31529 70303 12821 31962 70331 81468 64990 20060 
4883 18
44064 50977 65990 7687 45736 45225 6218 4236 53038 5521 89809 52215 72340 95446 50646 76854 97689 1183 
6724 11
95077 15302 90183 63244 63341 61454 85301 92534 55452 66109 54142 
3625 16
13274 81026 85028 8293 59944 60680 89708 8463 66335 98453 60852 58198 83445 99706 92315 58271 
4904 14
14852 92838 19910 94890 69419 9774 65873 75519 14773 85045 2168 39931 64382 24191 
1387 14
83555 1764 7146 47755 69293 69901 24782 33853 1750 87865 82649 33690 47004 11485 
6051 12
11703 72486 69862 74238 43752 86270 17842 6226 39735 47609 44860 7454 
6371 20
27141 37767 11657 74896 71975 85169 42036 65974 47290 43838 64705 40283 29277 72420 2155 81901 75638 83832 16378 96124 
8149 10
39297 88199 42728 71560 79950 46288 11281 87508 59349 16863 
751 18
15713 41058 70627 59492 91075 18471 5449 74094 15535 15151 59538 275 65399 33695 94239 51453 29854 92605 
6079 17
72673 76709 49798 61223 77000 26665 22024 81771 15659 12844 97034 49 80276 10997 16853 36151 51612 
6512 18
77890 29927 92552 19016 33883 13547 20046 78958 67439 94222 47892 80283 43511 75000 48826 53147 80284 28861 
8051 17
98272 92932 81413 60486 21255 26694 83812 88618 57355 51450 48653 97421 32042 33971 70935 92154 84860 
6704 13
47648 91105 42594 37796 71272 5385 88392 12078 36722 14259 40055 55321 70015 
4552 15
51520 68837 47622 69927 66889 39691 27756 58061 61331 65462 59575 53366 73241 49884 43127 
2044 20
39554 92294 29958 79761 34336 64546 59429 69029 71861 27066 7230 90947 2766 69976 25945 73699 63723 89068 63471 84863 
2401 11
48674 81706 72972 69841 50225 11062 92374 30361 29882 77564 75999 
9458 13
33632 39585 70823 55081 38698 72779 64109 80240 40148 26741 17077 64440 24735 
2954 14
91776 50849 8866 99236 40455 18793 60427 15405 77838 70287 16431 6962 54611 43645 
7089 17
85957 96454 93726 83525 17002 76058 85517 31087 22833 32113 98515 3028 55925 34870 43482 54589 11262 
2884 17
64480 41538 24099 62910 93156 34413 2606 64463 90480 94418 44498 17844 95862 76983 56345 39230 93535 
5777 12
88868 45509 88397 31630 9805 79854 12273 23254 83607 67928 90011 83103 
9673 12
76288 66150 71432 16777 95850 68269 24398 55347 22868 73814 71259 54781 
4232 17
37472 24932 10469 76297 92970 235 73868 78124 65966 34476 14205 12972 68181 6391 61048 70684 50716 
1397 19
50055 1422 65433 29597 45733 14265 56640 13136 36689 92248 73566 11232 18788 66665 95221 62582 17529 80506 83582 
1337 10
4037 92650 52654 24026 40083 95636 85978 3771 97214 40479 
1285 12
1472 73601 33412 16581 56199 41067 74508 40218 87026 59415 4602 63903 
1733 14
40965 35397 39750 5480 41513 41098 66155 15373 1422 76657 30673 25590 30294 14942 
2892 19
9474 37513 50451 10531 20135 74543 4658 72634 55996 69949 26190 20815 30672 56667 51425 51820 53745 15090 85247 
6665 15
14148 90309 67942 35658 20270 60207 88816 94640 21582 50515 49364 96148 78328 31325 15422 
3145 18
96033 1539 38087 56520 37118 8138 21898 92592 75249 9298 82833 18257 67669 56795 37013 24891 43228 18558 
3775 11
61795 70629 95886 69614 26001 51345 853 29432 44989 51774 2655 
1787 10
55525 64518 78312 79787 48177 91544 21113 15514 58555 8799 
6287 16
13664 91875 46755 43813 20681 30570 92139 51566 60271 34642 13023 34515 63253 65751 41276 17183 
4373 14
29923 7459 16003 1863 80490 65934 89198 144 887 5937 80630 52439 21721 23517 
6993 10
26720 2980 33515 69164 93421 52974 53 16950 48603 81627 
5692 10
28770 28546 1091 26153 46475 30476 75441 94421 76023 54138 
3500 16
81408 73380 26149 17191 53480 58681 70445 89139 37427 28341 32499 10263 82456 84217 7802 7867 
9422 15
34752 23360 16162 737 52134 50055 48424 87083 25135 95760 23606 31735 2232 41978 4635 
4975 19
8832 27153 50453 82202 31660 67501 17712 44093 32445 15294 34111 46795 95820 31058 4055 77534 480 9209 59131 
2415 15
80257 83554 27490 74055 17257 45738 17962 4557 94287 86608 46548 42484 95638 36089 53402 
5279 16
28288 50020 97604 79013 85639 40644 55082 86573 85901 50736 23994 45394 10386 31958 52602 94142 
9449 17
38176 36705 30370 66817 33921 24837 34502 61319 36389 24686 8497 70835 41236 53333 63518 91385 41342 
144 19
44290 82951 74125 90129 51871 74147 431 5168 66224 48185 81337 17601 22337 92868 19783 36936 68050 98171 82815 
5936 11
88899 92677 98471 10349 54030 73646 61905 24757 31577 87645 74687 
1848 16
10620 86404 10213 79690 94028 52077 29967 9680 52817 87060 74965 13716 12472 89756 15582 46399 
4843 17
27682 8036 27879 45034 8236 80749 59501 36207 65006 77873 34477 83987 16469 25369 98587 33916 98655 
8896 20
9218 20100 95375 97426 76707 96932 69415 82346 45229 9647 31674 96574 57153 48716 83277 64989 80737 31074 32486 38522 
6417 10
77121 95078 46573 13614 46830 18452 63285 73012 41532 46461 
4936 13
73153 28773 71334 31383 35543 3884 63953 15412 18614 89463 50521 27357 64855 
5839 18
63809 4997 62953 51242 4523 2988 57034 91054 8942 30960 67283 52693 5462 23063 71157 27449 69662 40031 
5606 10
93538 72170 19310 38931 23315 79732 83094 33880 18297 36735 
4969 18
93377 85793 45411 37764 33253 41159 20935 3051 45099 64494 17296 47697 15025 58608 820 72309 60213 23389 
2036 20
45700 81429 92696 94494 93088 13604 16038 98617 51581 27844 63312 81755 34011 83164 40670 21988 4076 24556 83062 84093 
9354 13
75777 79431 70283 41069 21487 83856 99761 97809 65875 55572 69718 75641 34108 
9963 19
35723 3471 74257 55717 34741 32448 51392 66242 9928 54749 11101 13534 13159 47722 99824 23537 43895 1914 27003 
8967 12
14848 42625 73093 24999 48808 53033 93546 5548 89005 67219 35219 55867 
961 10
82592 38307 99590 40392 38257 43419 34996 9304 33658 70043 
4724 10
84899 61668 27207 10120 93002 45997 70830 88888 30970 89948 
5648 17
27459 87460 65413 96454 1126 31363 43939 34570 90247 32974 40943 50126 24529 37618 97205 89178 17339 
8427 15
79329 63169 50819 85828 10276 28841 43211 33516 98543 82993 3442 79441 82839 3291 85437 
222 16
77954 99236 20740 35718 581 64713 72458 88365 94864 43285 15638 89047 27896 21050 30971 10877 
3536 11
63716 2153 91468 78188 25393 82930 26612 84469 30838 94519 7099 
2183 11
80739 26920 12011 88653 98029 38033 28341 74710 28438 97653 32379 
4425 11
3329 32162 16610 88389 53734 19976 30283 876 98349 54193 43382 
3499 20
35971 40072 66315 75149 92429 74395 83485 9251 42532 59050 92334 91827 28102 52685 88147 58211 1124 24300 81902 75643 
9850 11
92769 51073 85252 48557 334 49905 38706 94545 40658 47762 37533 
3818 19
21513 37897 24980 96670 85029 36133 88240 75954 84791 825 82884 98521 77664 63719 55017 79850 40684 30574 68854 
2356 18
48192 48769 70627 9862 1577 49643 69579 21773 43214 94257 46739 98004 17590 58875 3770 41467 3678 94047 
3211 19
57344 87303 51082 33432 17693 60062 8863 93215 71341 42423 80958 2888 23753 21718 75480 45273 74216 61302 890 
9008 13
46083 40164 34087 58925 21294 84878 85776 48686 20433 44340 80156 73789 10814 
6957 15
94880 97950 32686 8280 23121 29776 69907 16211 51669 35443 72670 41944 93239 89883 4446 
6277 16
36900 79942 67239 96071 31178 20523 38283 24975 14576 80304 96051 78484 19770 74588 22942 7871 
6540 16
60800 48545 53282 80451 52512 65893 46533 76672 17673 37034 49644 14061 41167 31318 14743 33181 
9317 16
44193 15682 72324 42043 88013 88526 89133 47216 7985 36755 19060 90711 68027 89212 87965 27967 
1748 10
56992 88802 51939 6152 78059 73967 57839 89971 37528 27577 
3928 20
49155 81414 98055 99984 1040 36372 76960 15018 94388 30902 20790 79929 88388 75480 45529 27612 67684 32229 11109 41979 
2190 11
962 71270 93575 18921 3471 27088 89360 51861 39578 81276 16282 
238 10
77251 42051 99880 20621 70318 44913 76242 49401 68570 83068 
3602 17
65763 1158 5447 70616 52649 68279 82777 91228 7793 13042 66997 53206 57013 21528 33721 12859 90396 
2755 17
68545 43809 68265 58188 75500 84654 16623 84336 42801 54714 18387 2742 93944 63386 67547 98174 40895 
7327 17
85856 5377 89861 7209 97546 72011 2444 10089 56397 66385 50738 23059 91892 80916 62968 69788 91198 
7891 15
41438 99078 59913 75180 67803 88894 66737 33010 41779 57205 35030 60282 83099 76030 43999 
3891 16
36064 92040 96200 86807 17549 46221 47052 69713 77393 5875 64916 42805 45174 21847 70328 27807 
9006 14
53120 24929 42725 9385 69229 37135 58128 64848 68884 23380 23222 8344 58234 10619 
9628 12
98241 20163 80484 41903 36528 24655 7087 91376 29145 28826 88540 73982 
4313 12
30755 27686 48231 53735 99308 4332 11128 45976 59 21468 78749 85470 
1417 11
70597 1736 89133 48142 5296 76016 57554 95129 71834 65627 68414 
7445 10
84320 15716 34472 15917 80365 80625 85554 54006 19351 33977 
109 17
6688 10753 31234 44771 78690 14563 1127 99720 96201 83469 36814 80047 28527 36017 6005 53431 73208 
2751 20
8193 8336 64018 17685 8216 14360 23706 47387 89382 75564 69810 78785 77763 25176 30553 68699 56546 41195 57073 14078 
7369 18
74529 18242 5443 42820 66775 36646 84582 50362 35014 67722 71883 44936 98638 67034 55735 69786 72573 88158 
4020 12
94082 1795 99685 99336 97804 87342 94897 5075 46772 9079 94072 41948 
7441 14
40445 24802 7137 32645 40742 97671 73543 80659 63571 42229 26394 26813 42846 5663 
1076 11
95936 37793 24802 50018 98434 67785 34540 37425 9490 29463 82648 
2582 20
28547 46203 84748 48410 85660 11168 57380 72491 17340 46142 79169 11734 98909 36193 20963 77293 86127 12794 54651 35965 
157 10
28513 37367 38214 76461 78510 54832 54386 50132 82967 93822 
387 15
47552 82594 48186 74244 55657 93513 65228 36524 99600 84148 93397 66741 62041 88986 47837 
5036 20
53126 58639 92696 39032 35359 85664 18083 29604 9900 30645 52674 579 13644 45519 40914 13524 31959 39903 77929 46328 
5727 16
60416 77155 30788 28872 54857 96872 72842 39723 11565 61075 33461 83701 44538 38556 69950 88383 
8214 18
75009 76771 49815 92328 80138 70794 63916 20941 3119 66256 39443 35253 69941 5847 45817 77274 53724 10719 
6041 15
17764 51336 30280 66794 34939 47694 59511 84760 11991 59928 25722 87227 60764 5463 62207 
6764 14
37633 91620 51238 86311 2025 54090 68880 51026 42579 30996 81978 11580 30909 71966 
262 17
81954 57605 79047 21544 69802 12700 64428 48557 78507 32847 78836 72629 1268 76472 39705 69916 16094 
9065 17
31043 84517 14086 26408 80605 18058 79946 60716 96284 53710 4112 44019 90261 76730 67740 68957 15358 
6176 13
88737 34116 79850 38028 65836 21742 89333 89622 32376 44793 73882 54587 50974 
4253 19
78599 52232 92690 99995 88350 56738 43311 31409 31538 25531 63812 47070 68709 37096 53736 54639 24691 51958 38267 
4971 11
95648 32612 69032 83372 82481 14417 30547 11476 34266 31069 90302 
462 16
88288 96865 12322 45164 65678 73681 31505 36722 76817 29109 72407 11995 92412 82077 36094 84319 
1313 17
77024 73281 38689 25187 1600 9095 73544 63848 7227 83051 34924 17097 96432 10609 93301 40763 34940 
2519 16
73603 64646 75849 48554 59337 62060 86829 19181 41871 1451 48564 80311 24441 53276 47709 16126 
8512 19
17812 84517 86828 95155 73787 93377 24515 90563 31687 71883 48083 10582 14183 31080 66669 53362 50550 84473 61951 
7077 19
2697 14866 35987 92308 82709 46253 48048 56499 36277 44996 68936 77640 28235 60366 27858 69374 38395 66046 42623 
3506 13
61571 46854 51047 90569 82572 47980 17582 58575 4558 8693 80150 92630 64570 
6903 11
41251 13381 13768 39565 15214 62287 74448 35728 69489 23066 19931 
145 13
17792 10017 2947 91336 42861 11501 28599 83509 17911 8761 34266 43739 18171 
1697 16
9413 6022 78058 44203 7274 93646 95311 14704 81617 70834 62710 47865 7482 2041 31390 52479 
5599 16
95552 70017 36930 94466 47876 88963 70022 37351 53157 50825 75595 3275 54478 83129 76604 22526 
5147 16
72544 35705 88450 3587 7494 98183 76297 53547 62803 22453 11510 72695 5397 4505 25915 44093 
7015 18
4993 35906 99265 33156 47361 95814 53688 54186 25739 39789 39311 92183 26101 80565 59319 94552 44443 38623 
4410 15
41825 87899 57603 47588 56838 52460 12557 66319 12465 17971 74005 10773 17371 84157 47167 
7646 13
56832 57665 36644 58213 57928 63784 80267 33580 72718 44592 26260 24118 97175 
9265 10
48707 33897 58858 68331 82736 67953 33298 53397 24823 91487 
1422 15
7457 1988 11174 29670 69032 89772 70895 82066 5111 68629 56566 14198 60700 20217 90073 
246 15
82874 74914 72451 77604 83461 27878 10617 11673 75086 45455 67023 97237 41561 92057 59583 
6846 11
51211 33676 62766 68974 65586 74483 33269 43516 78457 82875 65884 
4136 10
32516 48710 98409 91306 82538 23054 22388 78485 76153 10334 
1485 20
91393 56084 74662 22952 68523 87854 47028 18868 55995 20796 9283 4679 63188 68201 45290 33775 50290 1268 76026 17274 
5481 20
87430 73486 92815 91537 26150 32556 26812 32190 91840 63430 22218 76109 11602 27096 99293 35425 64489 77802 6010 60798 
481 13
47808 81025 97159 72200 78317 11342 51600 78929 42961 72244 88148 43325 29247 
7149 20
60953 95513 35757 71742 18504 37193 84170 9418 64461 40271 64592 98003 51668 55256 29920 57574 58859 53612 30072 22909 
9617 19
76928 51202 81298 38041 95900 27436 38317 79797 28872 17738 55634 38229 5589 54999 88672 39780 83837 93438 78591 
3703 10
51205 29608 97513 43691 57291 11088 75824 18872 92794 7007 
1827 12
85377 98916 49642 22986 31148 4013 28463 45455 86194 14037 16278 82744 
5662 14
53058 71299 68742 87211 41931 65485 12366 58959 4113 95348 9268 96852 55674 27932 
7975 19
3073 20873 69390 72722 70037 24213 9242 59175 34605 52789 37579 98766 36179 40404 25559 5211 83556 62832 61299 
2173 17
31904 32546 73730 61124 23658 23723 71167 82221 33439 32753 76018 93331 16757 65624 51897 22842 12607 
3023 15
79809 34403 29477 25352 91208 39818 10383 6995 66163 3229 57110 91608 93146 87164 62269 
1218 13
7074 26083 56163 78377 27977 91149 56959 59153 46997 70810 45051 62268 79775 
3841 10
54245 99914 96588 89007 73364 24245 86874 73117 16990 41471 
6343 10
73964 96975 46864 94160 13754 53687 84505 73914 1179 34845 
1966 17
60672 51362 78308 18759 44201 8523 83275 14222 69105 83505 57809 79121 42289 96754 32503 89946 22877 
333 20
56452 66077 42018 65703 22979 54340 2253 14167 98009 85210 16094 17375 83552 77281 28898 66274 26728 629 56312 43130 
3123 17
91522 88004 19238 85511 89390 22255 13231 65361 37330 16604 16148 9875 69906 79511 21875 93947 66428 
5617 15
99329 15587 36389 97478 35399 98408 37642 27294 46285 44982 93659 34974 67356 21853 94622 
2754 18
47424 69218 64036 98693 65435 64840 81834 86571 71756 63882 52108 64367 35310 60594 70011 65303 51675 4700 
4028 14
11587 61764 31971 21863 71499 9643 59854 81299 44887 65944 10361 76346 16892 92669 
798 11
5703 63337 86765 26766 81365 97269 24887 34517 40921 57466 99581 
9559 20
42264 88219 24738 11687 16810 71098 81599 16321 56001 51270 7111 53065 80588 61391 69849 30813 79592 3953 54135 40956 
4057 12
46528 36328 66569 75659 22862 15921 56690 59251 25401 67897 51484 32125 
2951 19
78981 54790 75910 1931 76428 86411 96783 29082 77734 4172 88658 34519 66648 42972 56678 23275 89841 39796 10617 
927 13
17411 29539 49317 88453 51466 27595 23372 20975 36020 93012 30426 44314 12735 
6603 16
72164 97381 14793 33322 29803 61709 4878 33966 91856 78897 52475 32980 63190 59514 8443 55519 
2967 19
77954 45189 6043 79131 60836 37164 47539 84787 14775 24144 20186 62056 98281 11754 82289 60021 58613 46584 24827 
7534 17
62273 42500 15974 60646 96584 70731 12910 6159 63250 47444 57589 57846 75223 65621 62332 23357 46911 
9733 16
77857 58337 52738 39173 38374 46377 55530 48043 4715 90923 25678 58005 55543 14939 16989 73503 
8919 15
39556 1349 92903 78472 72968 63051 47762 79987 38421 4438 21368 79545 38267 14750 70143 
9922 15
25632 94147 64093 82790 56391 23760 77306 12820 5847 47545 57338 47451 94940 39709 53726 
643 18
36961 87427 99460 1126 84711 73064 80377 55374 71602 23442 28243 16021 62582 4375 65144 8537 81916 39678 
5580 19
94222 44945 70417 87843 17189 46759 74674 11071 80063 56641 41033 48851 91608 51678 56542 34412 17645 40436 59124 
7343 14
54622 50309 40902 40618 23372 74988 57678 60078 46001 41362 31099 90525 80542 30079 
276 10
64093 97418 58603 78318 77489 91733 38294 15900 62589 41470 
2692 14
22688 61633 11682 34914 88163 16870 36999 64489 47438 78992 2580 97882 46397 9342 
6169 17
41216 84868 85733 773 62599 22312 31915 30701 89854 86575 10193 37842 22133 1464 95129 10619 34910 
3238 10
33250 26309 35781 23275 43758 29526 63831 66840 27737 34742 
303 12
3552 40518 97510 19466 50122 68286 65453 46958 927 84093 5342 31423 
3011 13
55813 77350 20965 48456 98982 79404 8685 77361 24478 49016 89690 70142 90079 
4636 17
44546 26310 84617 19754 46475 44427 47533 2958 73712 90992 74356 34037 86229 16954 92088 57562 70493 
4815 10
76221 71596 508 30672 28273 85234 96146 9372 87293 14781 
873 20
40448 70023 99080 58891 74897 69268 35992 55579 72629 79035 20673 75970 82000 92375 74841 18274 51555 52468 7037 26751 
7898 19
68352 97155 10374 49415 78609 47395 7085 27438 91965 50623 23877 39625 30424 20960 72931 73451 61555 18422 54012 
3889 17
57568 89443 88838 35015 46887 62618 89417 35563 52778 89230 75888 3376 89650 96883 26768 75642 44863 
2034 15
9152 14533 45990 53352 84377 32555 42892 92623 5361 78387 58484 58711 74904 3001 475 
4081 12
44128 27106 37990 83080 98121 61514 22155 460 63916 95848 45781 24638 
9582 20
62732 72460 76051 49047 79771 57117 82593 80930 84645 15781 26027 68781 65333 75325 25539 38096 71517 91380 18295 72058 
3101 13
52834 88803 34435 60810 24305 77971 9716 99413 67866 72667 24957 6878 27359 
5908 13
93760 75011 85511 36780 70351 76401 41873 55604 78996 98233 97690 11257 68318 
8638 20
99336 32904 77450 97823 10409 65334 40119 46520 85433 84669 70594 9540 51912 91850 18511 91088 25055 87017 2416 39805 
2905 15
92704 64610 29154 56931 70019 79270 26567 32749 93262 8463 42221 18579 89301 96283 94685 
9496 16
62496 94658 74179 96840 18046 58606 13615 79773 37815 73873 48561 98391 91416 1530 99645 57726 
6290 16
87461 88741 14055 46408 68073 31850 21518 58510 56528 34128 74136 97305 93530 6493 12062 23647 
5665 14
72065 9186 90147 3460 70373 22498 23015 44135 74985 72290 28842 35461 83759 85810 
8182 18
31362 19653 90950 3371 43374 80314 17618 86707 3988 21139 73811 85044 80856 37238 68826 24690 76957 40222 
6437 14
85665 52582 44744 73674 45772 35917 25485 6701 41552 16788 49525 50328 26586 19228 
7708 15
31616 45600 68646 53255 12263 4744 50761 31564 18287 59600 7505 8530 54067 91384 20383 
4350 20
63488 22032 65685 11799 19095 24984 4891 47900 21419 63922 47931 74566 69962 461 42829 37207 92255 4595 10101 11263 
1097 10
76006 36934 84461 67248 19570 74675 62296 38974 41182 17246 
8076 19
59277 50704 43041 15395 79032 59457 25039 83795 47319 68443 45019 73181 56415 93417 8170 98798 65777 68468 39164 
8940 11
33664 52936 42250 65930 55887 11697 79603 43892 37820 60669 25854 
8837 12
27072 85601 88640 92998 7208 67211 43499 50836 18165 74261 53084 28766 
8342 17
53178 80578 22275 516 45754 76198 55366 38367 98955 73487 6481 41526 70680 22842 26908 37693 21279 
